lr0: 0.0001
lrf: 0.09688
momentum: 0.9
weight_decay: 0.0005
warmup_epochs: 3.0
warmup_momentum: 0.8
warmup_bias_lr: 0.1
box: 0.05
cls: 0.3
cls_pw: 1.0
obj: 0.7
obj_pw: 1.0
iou_t: 0.2
anchor_t: 4.0
fl_gamma: 0.0
hsv_h: 0.01679
hsv_s: 0.69087
hsv_v: 0.26925
degrees: 0.0
translate: 0.0
scale: 0.66476
shear: 0.0
perspective: 0.0
flipud: 0.0
fliplr: 0.5
mosaic: 0.88422
mixup: 0.11037
copy_paste: 0.0
